"Demand" "Mead.PE" "Powell.PE" "Scenario" "TraceNumber" "Driest2yrAVG" "Driest5yrAVG" "Driest8yrAVG" "Driest10yrAVG" "Driest20yrAVG" "LowQ.MaxDur.hist" "LowQ.Freq.hist"
"1" 5.15709521602839 973.061744798906 3473.51441119565 "GCM" 13 9.43041883 10.298439112 10.93796583375 11.81972011 14.154002145 3 18
"2" 4.56081384876743 1034.53527885722 3601.0809324868 "PCNF" 244 8.303328 9.5536324 10.349143625 11.5309593 13.2909237 5 20
"3" 4.23824939061888 1019.46335673565 3471.02444399148 "PCNF" 308 7.497664 9.7846996 12.220711625 12.2365282 14.1853103 4 16
"4" 4.98248273609206 963.97182851797 3419.35619917698 "GCM" 108 7.957459135 8.663768168 9.10925543625 9.313255354 11.15102724 8 29
"5" 5.09063032809645 977.244027715642 3545.30534981284 "PCNF" 136 8.668501 11.3462582 13.107127625 13.296463 15.3024214 4 12
"6" 5.72021760125645 951.777974609286 3561.76662624348 "DPNF" 1030 10.640010599 12.2429047062 12.333605850125 13.3027831661 13.95185847215 3 14
"7" 5.37124460809864 1065.83568481728 3564.14376080036 "PCNF" 17 7.337146 11.7112168 11.021814375 12.5645758 13.5222126 4 10
"8" 5.58563191839494 1007.77742817299 3529.93094663136 "DPNF" 404 11.97728867 12.407836198 13.45447376875 13.692446878 15.3833736965 3 5
"9" 5.32563510267064 1079.21597888926 3608.73658346012 "PCNF" 56 6.969348 8.4552334 8.742659625 9.3927097 10.99641525 9 21
"10" 5.13756673028693 1029.3077697861 3425.5776367709 "PCNF" 380 8.5672045 9.8805224 10.451513 11.7022745 14.05541295 7 12
"11" 5.1992100449279 953.851343935821 3403.42557443306 "GCM" 18 7.48418943 8.800652692 9.492898795 10.238462449 10.722689757 8 26
"12" 5.736405651737 998.738661513198 3427.93098106049 "PCNF" 400 7.992541 8.258899 9.301865875 9.514329 10.27108215 10 25
"13" 4.90359013318084 963.5017808876 3627.07829380408 "PCNF" 301 9.561757 12.479803 13.427542375 14.0587969 15.0255278 2 6
"14" 5.39820612743497 1011.60571363289 3624.79759965092 "GCM" 67 8.201031925 8.93632899 9.96134302125 10.196779388 10.6989265545 9 32
"15" 5.07917200159281 958.371706062462 3443.48388375482 "GCM" 14 8.756067955 10.395228536 10.74319525 11.506639683 13.090699932 3 15
"16" 4.80322835692205 1033.81331427954 3582.35833977815 "PCNF" 71 8.054923 11.916606 11.655451125 12.4941899 13.4504866 4 15
"17" 4.75533227333799 1061.01243224693 3617.83713156823 "PCNF" 422 9.6778795 10.4130644 10.658474375 10.926001 12.3178958 9 24
"18" 5.16652048719116 962.240817572456 3590.89244214352 "ObsRes" 63 8.201571 9.5318822 11.205251125 11.98253 13.02623855 5 15
"19" 4.68950545401312 1020.02454324393 3600.48043598887 "DPNF" 221 8.157824257 11.7886280786 13.076794944125 13.3105370176 13.61804630245 3 11
"20" 4.33368997257203 1066.78095757961 3427.35006609233 "PCNF" 99 8.1012395 9.7153308 10.324940125 10.1021938 11.97001325 5 17
"21" 5.96451695091091 1095.76902800472 3501.6607612907 "PCNF" 113 10.2308775 13.8331714 14.520401 15.356229 15.76988495 2 8
"22" 5.28581771822646 1056.363026076 3548.14805835951 "PCNF" 441 8.303328 10.1356306 14.29532225 14.2394037 14.9917268 5 9
"23" 4.74121588733979 1074.90285421954 3454.35950398212 "ObsRes" 58 8.201571 9.5318822 11.761057 13.19721 13.22080585 5 15
"24" 5.9782941875048 1091.1253448925 3521.70674787601 "DPNF" 898 6.461068605 11.256151462 11.9056552905 12.4581578394 14.553855753 3 9
"25" 5.59568893820979 1008.65892771399 3476.95484245662 "GCM" 74 11.939908405 13.573401056 15.0660804625 15.459148535 16.9129513985 1 4
"26" 4.45081006460823 985.025715827942 3449.97225099243 "PCNF" 477 9.8307605 12.8068656 14.41520925 15.0536619 16.149198 2 5
"27" 5.95937557532452 1082.44219647022 3401.80087301414 "PCNF" 293 12.7944095 14.4522348 14.982466375 15.2220145 15.71914295 1 6
"28" 5.16770844804123 1014.779538312 3599.81744948775 "PCNF" 155 9.180846 14.1648564 14.6930875 15.3010659 16.6111527 2 3
"29" 4.32000863961875 1038.0716050975 3539.97502131155 "PCNF" 38 7.8423655 7.7720986 8.258673 8.7463671 11.1954655 10 17
"30" 5.61957362769172 1040.61162623111 3457.38653555745 "DPNF" 447 9.280241684 12.121269801 13.04562654 13.622729121 14.12331499875 3 11
"31" 5.27072615227662 988.491762289777 3596.22160301777 "DPNF" 476 7.119604997 10.9480197428 11.470346898875 12.6280803121 13.41523311865 3 13
"32" 5.70658777677454 1002.92489115382 3588.91856004484 "PCNF" 345 9.354803 12.3456966 14.5267625 15.0652885 16.34623455 2 5
"33" 4.64509555860423 1058.83786530467 3597.33480785275 "PCNF" 49 8.576648 10.7125768 11.706282125 11.9390745 12.8432374 2 16
"34" 5.71020593675785 1076.04261018569 3543.09947846923 "PCNF" 108 8.1427695 9.9566338 10.327361 11.0263327 11.7233395 9 20
"35" 5.12241835431196 969.739954697434 3583.13759454759 "PCNF" 472 8.561311 11.204749 12.2984855 12.5748928 13.8465966 3 11
"36" 4.28114719991572 1057.29247831041 3609.55223002238 "PCNF" 98 8.802532 11.8498176 11.411194375 12.0762751 13.884238 3 16
"37" 4.54959936230443 974.67494631419 3551.76068247994 "GCM" 39 6.1954202 8.687475156 9.39660336125 10.602477335 12.435612755 5 21
"38" 5.27335393675603 1043.81224792451 3428.3319884981 "DPNF" 623 9.717505384 11.6608071912 12.73318341325 13.0843747178 13.6261536142 3 11
"39" 4.80760761760175 1000.09715983178 3524.02186255436 "PCNF" 228 7.509545 8.571083 9.054553875 11.0596753 12.4215357 7 18
"40" 4.63888202779926 1086.72044624109 3424.33711731806 "DPNF" 1145 10.281117139 12.65122899 13.5122414425 14.130157028 14.6267628424 2 5
"41" 5.73116476619616 1053.53403104236 3414.39297494479 "DPNF" 1155 10.0731251955 12.0964971122 13.324091006375 13.1730105201 14.24930151895 2 8
"42" 4.55580900683999 1009.09183921758 3575.84454195108 "PCNF" 480 9.127404 10.6730868 11.294035 11.4932807 12.81547785 4 18
"43" 5.70405983794481 1095.64968768973 3518.89047367964 "PCNF" 146 8.360339 10.782313 10.969572375 12.0257781 12.87259015 5 17
"44" 4.28940511588007 1013.05769364117 3535.893692018 "PCNF" 450 9.386278 10.4180048 10.441323625 10.4840727 12.6334173 10 15
"45" 5.20983141828328 1079.67836661264 3574.81085844105 "PCNF" 385 8.429017 10.0349004 10.74445525 11.5563434 13.6795548 5 14
"46" 5.31593564143404 1056.7949739052 3621.97144223377 "PCNF" 464 8.4066555 9.5687658 10.7813565 10.561054 12.5554173 6 22
"47" 4.42247616620734 960.40123202838 3461.6570053855 "PCNF" 325 7.865462 9.1009864 10.41648625 10.6487022 11.23575365 5 24
"48" 5.01983786523342 1098.23980295332 3447.7801056928 "GCM" 64 7.099973535 8.392694182 9.59321213625 9.494850963 10.927274134 6 29
"49" 4.41173054077663 1020.91312252451 3484.4516838342 "DPNF" 403 11.97728867 12.407836198 13.45447376875 13.381879848 15.417627579 3 5
"50" 4.59738947809674 987.247432896402 3477.89678638102 "DPNF" 388 11.137188365 12.178879286 12.7222042875 13.107222935 13.645443747 2 6
"51" 5.78803136707284 1061.95198512869 3615.66776522435 "GCM" 21 7.847049325 9.804166282 11.71362367 12.583613573 13.5268803425 5 18
"52" 5.53386928006075 1070.49076459371 3593.29842368606 "PCNF" 124 10.851799 12.8051412 13.905685875 14.2805538 14.81793145 3 9
"53" 5.51717915944755 1081.98327696882 3521.07036312576 "PCNF" 231 12.5115005 14.8372886 15.47480925 15.6213746 16.1407734 1 5
"54" 4.21734709250741 972.627843497321 3466.85484543443 "PCNF" 21 10.547859 14.0270748 14.605347625 15.4314024 16.0669251 2 6
"55" 5.6662367714569 999.16000822559 3589.62316818768 "PCNF" 241 7.5558615 11.324794 13.003858375 13.1116719 13.71600725 2 8
"56" 5.28173153917305 1030.61751581263 3619.68745881459 "PCNF" 335 8.520888 10.2407754 12.113108625 12.4712006 13.5319712 6 15
"57" 5.30218220315874 1072.14564756723 3547.16557259671 "GCM" 41 8.41333073 9.68017686 10.12571421875 10.533766069 12.9569574685 7 16
"58" 4.85365214254707 990.408707002643 3599.94468934834 "ObsRes" 23 8.955005 11.4358556 12.16304925 12.2503228 13.0913134 4 16
"59" 5.17621332379058 1050.87358686142 3549.09841408255 "PCNF" 443 6.17819 9.2640882 9.7272325 10.1128053 12.8799425 6 12
"60" 4.53799062464386 985.871379484888 3545.34560574219 "PCNF" 40 7.8423655 9.705299 10.204864375 11.3642496 12.36940485 8 21
"61" 4.78186531858519 1072.99439681228 3404.93948344607 "GCM" 17 6.447098495 7.72339893 8.61519782125 9.109678022 9.407996297 17 33
"62" 4.6949856437277 1022.77064872906 3484.85944068525 "PCNF" 257 9.2112085 11.3387276 13.25878925 14.2060559 14.90500915 3 9
"63" 4.96468587527052 986.845600057859 3403.27408130281 "PCNF" 14 7.728655 10.7767678 12.736083375 13.1737368 14.20977075 4 11
"64" 5.70249707610346 1073.49263851065 3429.77491736412 "PCNF" 339 8.955005 10.406613 10.581659375 12.4014108 13.3165041 8 17
"65" 4.35982889067382 1002.58550852304 3550.07359280484 "DPNF" 1178 6.996239006 12.0964971122 12.952452732625 13.0973792881 13.41081462245 2 12
"66" 5.19972182591446 995.64520122949 3411.0522038443 "PCNF" 185 9.852243 12.3191834 14.153594625 15.3206258 15.5706103 3 11
"67" 5.79895954993553 955.042589060031 3507.77589394944 "GCM" 58 5.903415345 7.715249074 8.51600348875 8.428382039 10.073379211 10 30
"68" 4.91817464847118 958.663256873842 3456.97495617904 "PCNF" 90 8.023448 9.4771708 10.2180925 10.1765002 12.6539229 13 17
"69" 5.35347862956114 1073.98562520975 3567.77082656743 "PCNF" 389 8.442013 9.4728096 10.199791 10.0749231 11.86984915 7 16
"70" 4.54513263856061 970.902144163847 3409.61519815261 "DPNF" 576 8.8231648175 10.984683489 12.610065744375 13.6980434365 14.35050971605 3 8
"71" 5.06971001978964 1085.01833913615 3536.73689996591 "DPNF" 1137 10.41041775 12.65122899 13.5122414425 14.130157028 15.168983474 1 4
"72" 5.772772618616 1006.7745026201 3419.45200650021 "DPNF" 210 8.157824257 11.1781707448 11.8937587805 12.1169532274 14.0009798914 4 14
"73" 5.60612371782772 1062.40486812312 3618.57181697851 "DPNF" 384 10.478395375 11.549794288 12.2572476675 12.21403946 13.2058365225 3 9
"74" 4.21916091539897 1062.90231933817 3546.80861127097 "GCM" 100 8.24276559 10.668739512 11.74245209125 12.635884068 13.187931771 4 15
"75" 5.03052975134924 1006.53344854945 3467.19080677023 "DPNF" 152 10.5406233665 12.2523687346 13.014835225375 13.6980437263 14.37956813215 2 11
"76" 5.9097516365815 955.90447857976 3508.9783147769 "DPNF" 465 9.7142677455 11.1429439086 12.0974752155 12.6650930992 13.41523311865 3 12
"77" 4.86205442757346 999.280527699739 3464.30418748874 "GCM" 25 6.26571608 8.949887768 9.8807949925 9.758696141 11.1642084805 4 23
"78" 4.34624244547449 1097.30847897008 3464.1120196064 "DPNF" 863 8.0196062745 11.6678489068 12.857253023 12.8776106554 14.103625748 2 9
"79" 4.71758759105578 1066.74314279808 3513.43535019085 "PCNF" 474 5.810392 8.705035 10.54523125 10.3882594 11.6382151 5 19
"80" 5.02834825543687 986.622707161587 3508.65830645896 "GCM" 32 7.634729865 9.625590488 9.72840255875 10.929817286 11.127532731 6 20
"81" 4.41638057674281 1010.36412620451 3553.87430882314 "PCNF" 455 7.5558615 8.5987022 9.344025 9.986724 11.0749769 9 29
"82" 4.21312126088888 1083.2447309047 3457.60409713257 "DPNF" 984 9.1164611675 11.5953331772 12.004482616 12.1222785448 13.4035688644 3 16
"83" 5.90369667084888 1045.80297591165 3564.68720722478 "DPNF" 226 8.157824257 11.7886280786 13.076794944125 13.3105370176 13.61804630245 3 11
"84" 5.31317303236574 997.084523970261 3410.26119644055 "PCNF" 163 8.56524 12.2146522 14.021519125 14.4265781 16.3770957 2 6
"85" 5.77501534894109 1072.03473473201 3496.66208476527 "PCNF" 461 11.0968805 13.033419 14.435434875 14.902636 16.54234935 2 6
"86" 5.42974557196721 1036.86698168749 3495.94510295661 "GCM" 111 10.118657875 11.198348398 12.23485528 12.276576872 13.252435369 7 21
"87" 5.32130140727386 983.944558096118 3469.83183376957 "PCNF" 291 7.796049 10.0069086 10.3069865 11.2176063 12.27341005 8 19
"88" 5.30479029351845 1077.86678766133 3607.85306105157 "GCM" 84 6.564756285 9.125921412 10.62307130875 11.291618382 12.235796099 7 21
"89" 5.57568621360697 983.937676553614 3474.27521430887 "PCNF" 356 11.9217775 14.3390928 15.050206125 15.2564334 15.8830628 1 4
"90" 5.42029218957759 1024.70324727474 3584.45418090792 "PCNF" 143 7.728655 10.7573638 10.945336125 11.418324 12.3032648 8 19
"91" 5.64918635264039 1038.6865783832 3549.69651920488 "DPNF" 299 8.785109026 11.6238620884 11.87163270775 12.2222773712 14.6455745071 3 10
"92" 4.56486613517627 967.017285851762 3586.96514965501 "DPNF" 1053 6.8612734885 10.8652382032 12.333605850125 13.0712837203 14.58344337805 3 13
"93" 5.0946969056502 994.331625581253 3581.31134047871 "PCNF" 314 8.096453 9.9515202 13.82340825 14.3632914 15.4809533 3 10
"94" 5.34997734893113 1003.20642422885 3452.10042292485 "DPNF" 751 7.223694669 11.5392202762 12.840672246375 13.6858889461 14.07577645645 2 8
"95" 5.22905393145047 1015.87141660275 3620.33624727279 "DPNF" 661 8.5565333865 11.6905079506 11.610526989125 12.3932732433 12.7667674537 2 11
"96" 4.60632883482613 1038.43315416016 3435.20287328167 "PCNF" 164 8.496102 10.1550614 10.555142 11.2838993 13.9261915 6 10
"97" 5.97650561425835 1034.69075111207 3610.92141566798 "PCNF" 420 9.4042695 11.784681 13.370252 12.904023 14.0848729 3 11
"98" 4.88985569626093 1008.28840659233 3607.62587447884 "PCNF" 442 7.3834625 9.1733234 9.563011125 9.8189635 12.3981156 12 24
"99" 4.83623163714074 1055.12881681789 3513.91316814581 "DPNF" 662 8.5565333865 11.6905079506 11.610526989125 12.3932732433 12.7667674537 2 11
"100" 5.51772366715595 1035.81660349155 3488.14218676183 "DPNF" 1008 9.5674337025 11.6447990796 12.004482616 12.1222785448 14.1424754735 3 13
"101" 5.98029004731216 1027.74760853499 3540.77382001793 "DPNF" 636 10.168158989 12.3306747676 12.9198355935 13.0843747178 14.0416184444 2 8
"102" 4.7824859063141 1029.75589343114 3460.06556527223 "PCNF" 458 9.4255795 11.366045 13.603469375 13.4731749 14.5271545 4 13
"103" 5.14861671645194 954.304405883886 3520.01203504857 "PCNF" 261 7.337146 9.5273344 10.72390275 10.4213639 12.6352639 6 11
"104" 4.95360715636052 1084.37625619117 3481.78258848144 "PCNF" 169 9.7814965 11.9006524 13.93252075 13.7575289 14.47506865 3 8
"105" 5.11513985954225 1029.47056663688 3441.13227628637 "PCNF" 5 8.1427695 9.5916638 10.12676525 10.3828152 12.7907183 5 14
"106" 4.51333549409173 971.201634174213 3576.84158304939 "DPNF" 1134 8.648547228 11.2433004132 12.89080697075 13.3503904616 15.2632302488 4 7
"107" 4.23105157543905 998.141697130632 3544.50686571887 "PCNF" 207 5.8567085 9.2065222 12.64250025 13.3261452 14.0916472 4 12
"108" 4.93911184715107 1004.65636939043 3559.39739683876 "PCNF" 92 7.372478 8.7638056 9.08502375 9.1191008 10.8886104 14 26
"109" 4.48045725887641 1090.6341563561 3451.16199660813 "PCNF" 341 9.6711515 13.653526 13.002123625 14.732066 17.07048175 3 6
"110" 4.82120545171201 1061.9695549598 3545.15347695211 "DPNF" 1104 8.648547228 11.04559844 11.9360935475 12.126062729 13.00409956925 4 15
"111" 4.76480642943643 1026.76550453762 3430.66941361409 "DPNF" 857 8.0196062745 10.6532827238 12.427894393625 12.1507420869 13.48088185445 5 11
"112" 5.88486296692863 1047.86253636703 3594.91751643596 "DPNF" 808 8.2768014565 10.2533619328 11.367758453 11.9845981415 12.4931185457 3 15
"113" 4.958171849465 968.141006713267 3400.63812339213 "DPNF" 41 8.518337423 11.4688220592 11.5550847195 12.0941007896 12.77105798795 4 17
"114" 5.69553477438167 1012.44475565618 3507.87251444533 "DPNF" 859 8.0196062745 12.5408499018 12.427894393625 12.7642875949 13.89104590095 3 9
"115" 5.68971484727226 1007.17381065479 3441.99030534364 "GCM" 54 6.63021177 7.240997696 7.58680399875 8.278748251 9.5063459165 11 30
"116" 5.46570769250393 1066.7909155949 3465.81740767462 "PCNF" 347 11.56335 13.4443208 14.70634325 15.0241866 15.50057825 3 6
"117" 5.63729070662521 1033.91732985619 3594.6034469828 "GCM" 5 6.87705259 10.117414658 10.725699075 11.412259747 13.80727651 4 17
"118" 5.39292847006582 1020.64421018586 3506.54560836963 "PCNF" 68 8.561311 11.398874 11.95409175 12.2911954 13.06089105 3 11
"119" 5.19212182732299 979.45075375028 3574.18872490991 "PCNF" 483 7.3834625 11.6298772 12.62067425 12.1075277 13.93741855 4 14
"120" 4.51444106502458 1039.16822646279 3418.71128106723 "GCM" 63 5.2086166 7.236483818 7.95165728375 8.210830374 8.6971839475 20 35
"121" 4.29205920486711 955.968129006214 3512.06033663824 "DPNF" 16 10.352983781 11.5190033122 12.603039696375 13.8026166609 14.80529400105 3 11
"122" 4.65651558735408 1099.69008195912 3560.53877177415 "DPNF" 778 9.3925746255 12.7601679702 12.809727909875 13.0016389499 13.91337278145 3 11
"123" 4.71142211118713 964.984453155193 3420.84475787356 "DPNF" 573 8.8231648175 10.984683489 12.610065744375 13.6980434365 14.35050971605 3 9
"124" 4.85695570288226 1082.01051693177 3559.02492761146 "PCNF" 403 7.337146 9.2730768 9.753031625 9.6535071 10.8074115 11 25
"125" 5.89108619182371 1070.2432513237 3467.27943016682 "PCNF" 495 8.429017 9.4223748 10.841637375 11.4842107 13.43559985 4 11
"126" 5.65891939052381 992.599914118182 3441.89006533241 "PCNF" 416 8.360339 9.908575 11.22150525 11.9546881 12.93706505 7 17
"127" 5.00306484675966 1069.08083055168 3440.47452836297 "DPNF" 85 8.6509746445 11.5353935158 12.5091735795 12.4255791516 13.04037242945 3 10
"128" 5.31067165411077 954.846053302754 3596.96227018721 "DPNF" 1108 8.648547228 11.04559844 11.9360935475 12.126062729 13.16840793715 4 13
"129" 5.49367277165875 1001.9748217077 3436.20382896159 "DPNF" 862 8.0196062745 12.4812906288 13.28267647625 13.282754772 14.103625748 2 8
"130" 5.96644004322588 983.108864817768 3498.50593602983 "GCM" 3 9.82061306 12.731614784 13.7754498575 16.398712678 16.4772795335 2 9
"131" 4.27631714330055 957.894106407184 3552.34333753586 "ObsRes" 81 8.2664665 9.5318822 11.205251125 11.98253 13.506564 5 12
"132" 5.03326197057031 990.064268338028 3408.10212507145 "DPNF" 1196 6.996239006 12.5670389484 13.184413834 13.5325371332 14.3670054646 2 11
"133" 4.90961433313787 1012.24514408968 3450.5771994032 "PCNF" 305 8.955005 9.63294 10.342950375 10.8536426 11.4524893 9 29
"134" 4.66235558995977 1008.10016497271 3453.46436677966 "DPNF" 473 9.4430753035 11.1429439086 12.0974752155 12.6650930992 13.41523311865 3 11
"135" 5.75510410023853 1094.38781172503 3512.58034392959 "ObsRes" 60 8.201571 9.5318822 11.205251125 12.1557287 13.02623855 5 15
"136" 4.77660377877764 976.005955168512 3532.57363842567 "DPNF" 516 7.417246167 11.6871355788 13.1334420825 13.4526784551 14.07127853655 2 11
"137" 4.70590077973902 1014.15920284344 3480.30065576313 "PCNF" 183 8.851175 10.622236 12.02963225 11.8754799 12.62370695 5 15
"138" 4.28114719991572 1057.29247831041 3609.55223002238 "DPNF" 774 9.9553606555 11.5392202762 13.446203953875 13.7726906718 14.1423907754 2 9
"139" 4.43838906981982 950.483706081286 3607.90320298634 "DPNF" 513 7.119604997 10.9119520248 11.4285801155 11.9306746654 12.91720466725 2 13
"140" 5.94898894764483 958.152115112171 3620.62001154525 "DPNF" 343 10.1438281765 11.59863205 12.4611932525 12.9258027603 13.07689732165 3 10
"141" 5.22794191818684 1056.69579297537 3608.60207913211 "PCNF" 304 7.796049 9.4942532 10.52650725 10.3640682 14.33572305 6 16
"142" 5.24949807263911 1080.52489807596 3599.68654962722 "DPNF" 821 8.631448091 11.5757814144 13.22112815025 13.3064383847 14.64517919495 4 11
"143" 4.20980534018017 1034.37606600346 3596.68095421512 "DPNF" 61 10.263816663 12.65786976 12.924521322125 13.0874871787 13.62398134865 3 12
"144" 4.73784140604548 1061.57495675143 3437.34036689857 "DPNF" 415 9.280241684 12.407836198 13.94921361225 14.159564916 14.7324482194 3 6
"145" 5.89701475217007 963.023718865588 3421.57841269393 "PCNF" 66 8.520888 12.5000532 12.4282905 13.1172064 13.86580055 2 12
"146" 5.2750949841924 1027.21936416347 3405.30538388761 "DPNF" 195 8.157824257 11.1781707448 11.8937587805 12.1169532274 13.5486684612 4 9
"147" 5.40146725773811 993.969668424688 3566.87486360781 "DPNF" 597 9.717505384 11.6608071912 13.26154439075 13.1626982976 14.0634017952 3 8
"148" 4.35176474964246 996.77883812692 3480.85357408272 "PCNF" 355 8.360339 9.8016852 10.257153 10.3179553 12.5050619 6 18
"149" 5.9510474445764 1075.10388533119 3605.13530380791 "PCNF" 91 6.2245065 8.7424012 9.79624925 10.9073789 11.9525123 8 16
"150" 5.15737474495545 1098.72094675666 3527.11142231477 "PCNF" 47 10.133887 12.1366624 13.65771675 13.5036215 14.93152775 2 9
"151" 4.67302764658816 991.733324516099 3554.42610155325 "GCM" 110 10.317646705 12.343478236 12.6495110875 13.052515626 14.2340557605 2 12
"152" 5.26150839314796 1072.93784529902 3558.4406351787 "GCM" 62 8.040633485 10.000257926 11.40616091 11.231303609 12.6297226015 4 20
"153" 5.33942096969113 971.510217082687 3566.18677050108 "DPNF" 1009 10.6649636715 12.1626744486 12.760989755375 13.0675766543 14.07743956965 3 13
"154" 4.27080088248476 980.440335557796 3412.12516276399 "PCNF" 251 7.8423655 8.8152478 9.41163725 9.7191943 13.38707335 13 27
"155" 5.96366435587406 1014.27315268666 3592.66788322944 "GCM" 55 5.29678846 6.247031112 7.7248425525 8.18394089 9.485045479 23 37
"156" 4.20850528436713 1050.31349862693 3599.1475893883 "PCNF" 233 10.133887 12.917097 13.031633625 13.3629647 14.6814901 2 8
"157" 4.51984607409686 1021.89791135024 3534.59681801265 "PCNF" 127 8.4851175 9.921332 10.752486375 10.7096785 14.0802412 7 18
"158" 5.51443827627227 1033.48304410465 3590.53440760123 "DPNF" 1109 8.648547228 11.04559844 11.9360935475 12.126062729 13.16840793715 4 13
"159" 4.24484970225021 1036.59376943251 3402.52662600251 "DPNF" 677 8.5565333865 11.58841499 11.610526989125 12.3932732433 12.7667674537 3 14
"160" 4.75163773116656 993.611887970474 3439.42369968165 "DPNF" 70 8.6509746445 12.0672807578 12.5091735795 12.6890982116 13.2623978328 3 12
"161" 5.68866028566845 1045.3972866293 3465.88267344283 "PCNF" 121 8.4066555 9.0750636 9.832048875 10.0927298 11.9986104 7 20
"162" 4.96697411765344 1078.33937155083 3578.10443591326 "DPNF" 238 9.917824755 11.8028388792 12.56219349625 13.3105370176 14.2209964195 2 10
"163" 5.11693750410341 1034.91847813129 3570.37537882337 "GCM" 69 7.76396681 8.83870019 10.04164788 10.789456223 11.006755703 7 27
"164" 5.86048167147674 1016.29932903452 3559.93783165934 "DPNF" 271 8.785109026 11.6238620884 11.87163270775 12.2222773712 13.7987770036 3 13
"165" 4.20533389491029 1014.53810192179 3603.56883636909 "DPNF" 736 7.223694669 11.5410890576 12.754792758125 13.2664696455 14.06968324375 2 10
"166" 4.81668024742976 970.612141909078 3626.2490339228 "PCNF" 114 7.728655 9.9176642 10.560526 10.74498 12.01073805 6 22
"167" 4.61465337015688 1069.62756941793 3460.59586903779 "PCNF" 365 8.303328 9.9301324 10.406591125 10.4960636 11.6612925 13 28
"168" 5.57315127337351 972.274777828716 3518.59552114736 "PCNF" 188 8.096453 9.0306708 11.428224875 11.7034317 13.27334855 5 15
"169" 4.88484719647095 1003.50377402501 3502.36691732658 "PCNF" 319 6.969348 8.614573 10.469828375 10.4024334 11.4562834 14 26
"170" 4.87121799602173 1004.14871278917 3413.94978074124 "GCM" 103 6.668402615 9.734783002 9.73084331875 9.965818005 11.215147858 4 25
"171" 5.81281097852625 961.629931232892 3455.79964883626 "PCNF" 375 10.489804 12.4607786 13.449843875 13.6525847 14.2297299 3 14
"172" 4.62836136091501 1022.78568149777 3573.28159939498 "DPNF" 374 9.821863558 10.3608398632 11.1153689845 11.4656913116 12.5638667063 5 12
"173" 4.57860671351664 1077.14433766669 3601.82269407902 "DPNF" 121 10.942198027 12.0700312182 12.703668683875 12.8831738851 13.8093728393 2 8
"174" 4.29978229254484 996.593287342694 3517.14520951966 "PCNF" 223 7.337146 8.8512916 9.668396875 9.7368768 11.3417061 7 21
"175" 5.10923547595739 965.972847421654 3467.93282037368 "GCM" 60 9.42686208 12.359990072 12.35395825 13.330983932 13.9196388045 2 16
"176" 4.48271209686063 960.078179230914 3499.3781874422 "PCNF" 492 8.955005 9.3013706 9.8619795 10.1584058 10.44776635 19 27
"177" 5.58938908511773 1054.52562436694 3542.720732952 "PCNF" 322 9.7649125 10.5038348 12.206561625 12.377315 13.967597 5 12
"178" 4.63281957912259 974.241441860795 3409.7717649769 "GCM" 22 8.46532183 10.284889532 10.42861023875 10.69835429 11.2482037855 11 25
"179" 5.76586593207903 963.620789314155 3528.29053365625 "PCNF" 199 6.2245065 8.4218702 10.68595225 11.2445584 12.65977595 6 19
"180" 5.27828630874865 1069.76437234553 3537.22112037707 "DPNF" 632 9.878873924 12.0030050692 12.9198355935 13.0843747178 13.9835167237 3 9
"181" 4.4309155730065 964.164856937714 3572.56749177817 "PCNF" 311 8.5149945 9.7608082 11.50497775 13.0342704 14.4749264 5 12
"182" 5.54331292309798 1013.74556608498 3609.215388468 "PCNF" 396 8.944606 13.2695016 14.910265125 14.5901319 15.2019174 2 7
"183" 5.34636519583873 1006.09267991967 3556.82638681727 "DPNF" 302 8.785109026 11.6238620884 12.2296742115 12.6088319622 14.3957300723 2 10
"184" 5.41323537435383 1053.06457133265 3435.58201754 "PCNF" 239 10.5425635 12.9988964 13.94969925 14.1499343 15.91059975 3 5
"185" 5.99493747255765 980.280549416784 3438.87834935682 "PCNF" 80 8.0942245 10.1051808 10.4930565 11.6470846 13.22152055 8 21
"186" 4.50286418362521 1041.43471036805 3603.3451067307 "PCNF" 240 10.489804 13.337023 14.18702875 14.3372733 15.0070138 2 7
"187" 4.51554316543043 1037.2519960627 3494.31947494391 "ObsRes" 99 9.180846 11.377672 12.398875625 12.5087324 15.07758755 2 7
"188" 4.48811266059056 1051.61212955136 3417.08704977296 "DPNF" 873 8.0196062745 11.5948932748 11.9056552905 12.2145040294 13.05291869015 3 10
"189" 5.64185266722925 1020.35590163432 3530.1662296406 "ObsRes" 64 8.201571 9.5318822 11.205251125 11.98253 13.02623855 5 16
"190" 4.8263907333836 988.77845882671 3520.69364505121 "GCM" 72 9.96504166 12.469719394 13.29042736875 14.024890952 14.1585698195 2 7
"191" 5.52217159196734 1057.92427177075 3573.12244005734 "PCNF" 168 10.133887 12.826608 13.254196 13.8718267 15.6544008 2 8
"192" 4.86205442757346 999.280527699739 3464.30418748874 "PCNF" 170 8.556712 10.5899472 10.94219475 11.2699294 13.1033275 5 19
"193" 5.65867814929225 953.540394781157 3448.61605383223 "DPNF" 815 8.2768014565 10.2533619328 11.680916388 11.9845981415 12.97382808655 3 12
"194" 4.70654482170939 1049.17688447749 3510.01804248663 "DPNF" 1241 11.88461201 12.70082316 13.8428949125 13.965810894 15.1680520885 2 8
"195" 4.51214975779876 1089.74124481902 3469.95891699335 "DPNF" 346 9.821863558 10.6300976512 12.0676619195 12.6992530886 12.85945976345 4 13
"196" 5.19460481610149 1074.27306728205 3510.32305710018 "GCM" 91 6.56576073 8.492520466 9.945436375 9.76238412 11.057864835 7 28
"197" 5.50877550607547 1056.84695316013 3542.33947728295 "GCM" 90 6.91280755 8.350452142 9.20359754 9.52207589 10.216279529 16 31
"198" 4.50972680146806 1055.86618387606 3407.0026462269 "DPNF" 189 8.157824257 11.1781707448 11.8937587805 12.1169532274 13.5486684612 4 12
"199" 5.74521492971107 1003.92459864961 3420.43805019464 "PCNF" 393 9.291505 11.935606 13.691899375 13.6264718 13.8721945 3 10
"200" 4.75906648705713 974.354265315924 3603.67544831242 "DPNF" 220 8.157824257 11.7886280786 13.076794944125 13.3105370176 13.61804630245 3 11
"201" 5.36089854380116 1030.58336336398 3442.40254580975 "DPNF" 623 9.717505384 11.6608071912 12.73318341325 13.0843747178 13.6261536142 3 11
"202" 5.86320972405374 971.950268361252 3406.61715895403 "DPNF" 863 8.0196062745 11.6678489068 12.857253023 12.8776106554 14.103625748 2 9
"203" 5.03769289939664 975.515384378377 3557.29236458195 "PCNF" 144 8.5672045 9.9137654 11.791274375 12.8651111 14.41864045 5 12
"204" 5.83076617643237 1015.0794449728 3527.07636292558 "GCM" 10 6.76005977 8.99853625 8.887849135 9.524718905 10.3714783055 9 27
"205" 5.82143844212405 1093.91124618705 3597.97610639362 "DPNF" 446 9.280241684 12.121269801 13.337182646875 13.9384073675 14.43039011365 3 10
"206" 5.13366271681152 984.85376132885 3473.47110082163 "PCNF" 338 7.796049 8.5663306 11.405247375 12.2512808 13.36965835 6 9
"207" 5.6405329101719 1009.95406153379 3570.07261147955 "PCNF" 208 8.360339 9.0345876 9.81743675 10.0039821 12.38993125 8 20
"208" 4.62290028571151 1011.70868667541 3562.98865891062 "ObsRes" 29 8.201571 11.4358556 12.16304925 12.2503228 12.92123295 4 16
"209" 4.26422294718213 1060.56059995899 3413.22235294385 "DPNF" 768 9.9553606555 11.5392202762 12.840672246375 13.6858889461 14.83157154305 2 8
"210" 5.15097520546988 1031.60745510831 3614.96700306423 "GCM" 92 9.28052803 9.630465194 10.91873026375 11.391816616 13.1769271365 5 19
"211" 4.76549804164097 1039.3180770101 3439.81455523288 "PCNF" 212 8.0942245 10.4677228 10.960369625 11.6172655 13.12752735 2 8
"212" 5.81765639497899 1077.54048174247 3487.57951920619 "DPNF" 107 8.6509746445 11.7760554378 12.703668683875 12.8831738851 13.562530173 3 11
"213" 5.1416229612194 1051.83513015509 3503.91090092948 "DPNF" 253 9.917824755 12.036196714 12.32170618875 12.553456801 13.6998287145 2 8
"214" 4.29479335402139 1080.09958256735 3463.85640519205 "PCNF" 206 10.3641815 13.59009 13.073144625 14.1011386 14.82119575 3 7
"215" 4.68593076970428 1042.68257874064 3468.79498089431 "DPNF" 392 11.137188365 12.178879286 12.7222042875 13.107222935 13.684726963 2 5
"216" 4.44413381293416 1099.85339433188 3616.9639339624 "PCNF" 177 9.2195345 12.021795 13.392943875 13.3486961 13.716377 3 11
"217" 5.60299227233045 1026.27026303671 3611.3283301075 "DPNF" 642 10.168158989 11.91578894 12.9198355935 13.0843747178 14.0416184444 2 10
"218" 4.61099211042747 960.818619164638 3602.40823387634 "DPNF" 691 9.46407317 11.58841499 12.89465159375 13.4391573945 13.93614950225 3 9
"219" 4.46793423537165 952.917948924005 3516.49885501014 "PCNF" 453 8.1427695 9.2912976 11.337344375 11.6035498 13.66311385 6 15
"220" 5.91228299480863 1094.68337813159 3432.28615274187 "PCNF" 39 10.3641815 14.2077598 14.539104 14.2803275 15.20405975 2 6
"221" 5.99568920354359 1087.30369101977 3602.43130634539 "PCNF" 418 8.3399185 11.0801784 11.712181375 11.8508697 13.51725965 3 15
"222" 5.65627881358378 1088.84756633779 3592.45911291568 "DPNF" 1079 6.8612734885 10.8652382032 11.9360935475 12.126062729 14.008483954 3 14
"223" 4.22692256695591 1048.15297734458 3433.52503942326 "DPNF" 614 9.717505384 11.6608071912 12.73318341325 13.1626982976 13.6261536142 3 9
"224" 5.59934718087316 1046.40090980101 3588.3449069201 "PCNF" 272 12.823155 15.0781756 16.2409495 16.4831635 17.2776257 1 1
"225" 4.91283074892126 1059.2663503252 3519.15668536443 "PCNF" 366 9.024418 10.4244656 10.9727245 11.5800121 13.08734605 6 15
"226" 5.68630894976668 1009.57886289107 3579.87775659189 "DPNF" 777 9.3925746255 11.9743589402 12.809727909875 13.0203471979 13.91337278145 3 12
"227" 4.6492713779211 974.197951168753 3525.81618081313 "DPNF" 426 9.280241684 12.407836198 13.94921361225 14.0663741448 14.7324482194 3 7
"228" 5.16374208745547 1005.38780447096 3592.71095032105 "PCNF" 496 8.483377 10.649203 10.957305125 11.3240401 14.4482947 5 17
"229" 5.92536075781099 1035.12126731221 3451.49670115439 "GCM" 65 8.83120194 9.59450895 10.765899945 11.317804733 12.122369012 6 21
"230" 5.56452142721973 1044.82289638836 3563.42376685236 "PCNF" 452 7.8423655 9.0411752 10.2889995 10.9542617 12.4855833 6 13
"231" 5.19670028225519 1021.02461255854 3527.7027667244 "DPNF" 1223 7.3841715715 11.0116642806 12.664524712875 12.5085421723 13.84029437405 3 9
"232" 5.44449664950371 1042.8668911336 3624.29524840787 "PCNF" 247 8.140541 10.6978684 11.82854175 12.4457077 14.9131561 6 14
"233" 4.87977087367326 1001.08845713548 3512.79287331272 "PCNF" 407 7.428251 9.5280338 10.2383365 10.2190911 11.12210765 6 25
"234" 4.33846142124385 959.163252066355 3427.64351769583 "PCNF" 449 9.760372 10.4773788 11.5830095 11.9333087 12.7350396 6 16
"235" 5.17992759780027 1058.18313242635 3488.3120802464 "DPNF" 344 9.821863558 11.59863205 12.4611932525 12.9136939526 13.07689732165 3 11
"236" 4.87880323491991 976.738878595643 3431.88707780093 "PCNF" 246 7.934496 11.1058092 11.667121 11.8633676 12.37234475 4 16
"237" 4.60917264148593 955.86024193326 3621.72934913775 "DPNF" 29 8.518337423 11.4688220592 11.5550847195 12.0941007896 13.02378615685 4 16
"238" 5.00803021872416 1076.0841667885 3438.11657611281 "PCNF" 433 7.337146 8.4258964 9.255181 9.2463865 10.24879855 8 19
"239" 4.23696539243683 1051.33540286915 3407.53909320803 "PCNF" 423 7.337146 8.8082282 9.461712125 9.7232573 10.9995878 11 23
"240" 4.26146925184876 1026.02305451874 3437.07252062159 "PCNF" 346 8.442013 12.9795246 13.49605225 13.8344504 14.26249685 2 10
"241" 4.39577160710469 1081.02987753227 3558.69193107588 "DPNF" 83 8.6509746445 11.5353935158 12.5091735795 12.4255791516 13.04037242945 3 11
"242" 4.79962919577956 997.511528781615 3606.4944231417 "PCNF" 105 10.3602525 14.3486256 15.52110425 16.0151448 17.0762568 2 3
"243" 5.35608790596016 1033.82929926738 3587.63771435013 "ObsRes" 98 9.180846 11.377672 12.558040875 12.9776708 15.65563245 2 7
"244" 5.65571011821739 1017.37623336958 3452.61191731319 "PCNF" 88 8.561311 10.089471 11.31784325 11.4819566 12.0427048 6 18
"245" 5.90937804174609 1072.94138158904 3531.45007371204 "DPNF" 349 9.821863558 10.3608398632 11.24283361825 11.8991459226 12.8141713608 5 14
"246" 4.47580257388763 959.576125966851 3516.78718681214 "GCM" 27 8.464266375 9.403647236 10.71393762875 10.992358966 11.744144374 6 29
"247" 4.8331732399296 1015.98973160144 3594.23075412633 "PCNF" 489 7.608322 10.4121894 12.356304375 12.2002889 13.2273678 5 16
"248" 5.64167110514827 1064.05768017285 3613.1947573158 "DPNF" 1230 7.3841715715 11.0116642806 12.664524712875 12.5085421723 13.90545992865 3 7
"249" 4.71221746914089 982.46986445738 3455.93992382521 "GCM" 112 7.14690743 10.767598824 12.32402493 13.34752102 13.590443528 3 16
"250" 4.76951954886317 967.260093172081 3477.29213758837 "PCNF" 179 8.4753335 10.3097938 12.813375375 13.5008205 14.5751147 4 10
"251" 5.81580173755065 972.265931393486 3424.92853321834 "DPNF" 151 10.5406233665 12.9067199326 13.557669184125 13.971873185 14.54001036515 2 10
"252" 5.23491200753488 1042.68924500793 3427.46112100547 "PCNF" 274 8.8974915 10.8529938 12.233175125 12.7760865 14.2857333 3 10
"253" 5.52397215091623 1063.95803058986 3489.75331138354 "PCNF" 72 8.813048 12.5989956 13.192258375 13.8723447 15.1068491 3 13
"254" 5.81765639497899 1077.54048174247 3487.57951920619 "GCM" 109 8.28084074 10.83448517 11.08068059 11.602246026 11.999500606 3 22
"255" 4.90163215454668 1086.26613283996 3569.18573816773 "PCNF" 224 9.679844 10.3770492 10.55655375 11.1243144 12.667393 9 18
"256" 4.40713930511847 1025.79756644554 3512.23759232089 "GCM" 111 10.118657875 11.198348398 12.23485528 12.276576872 13.252435369 7 21
"257" 4.54084358853288 985.728828981519 3545.5973404902 "DPNF" 1207 6.996239006 11.0116642806 12.664524712875 12.5085421723 13.84029437405 3 12
"258" 4.57482579415664 1019.54808667069 3495.47322391998 "PCNF" 374 7.796049 8.9114006 9.617062875 9.4533672 10.8377313 13 25
"259" 4.49527469971217 959.876637975685 3585.35054753534 "DPNF" 373 9.821863558 10.3608398632 11.1153689845 11.4656913116 12.4458460098 5 13
"260" 4.33368997257203 1066.78095757961 3427.35006609233 "PCNF" 457 8.802532 12.4479878 13.615007875 14.45479 14.84311555 3 11
"261" 5.22855926589109 1038.19161236752 3580.11173316976 "GCM" 11 8.753894385 9.763163578 9.87778409125 10.535505001 13.021478184 9 20
"262" 5.88480371902697 1016.60482670413 3477.32315574773 "PCNF" 15 7.8423655 10.1663054 10.086577625 10.3506651 12.4572425 3 19
"263" 5.13753950335085 1071.29569122335 3532.75178921409 "GCM" 98 9.538225935 10.267968038 10.894176375 11.892538881 14.785233438 3 14
"264" 5.55107312500477 1096.46339450264 3483.7733004964 "PCNF" 195 7.5203815 9.4300734 9.3905985 9.7655275 11.4236451 10 23
"265" 4.44974245531485 1071.18040376808 3486.95200197399 "DPNF" 574 8.8231648175 10.984683489 12.610065744375 13.6980434365 14.35050971605 3 9
"266" 4.72901636464521 1089.61884042947 3522.16885122238 "DPNF" 863 8.0196062745 11.6678489068 12.857253023 12.8776106554 14.103625748 2 9
"267" 4.35803494001739 1099.1673303186 3548.91198778292 "DPNF" 940 7.8826990355 12.2136192392 12.604682392125 12.4293511507 14.1428408129 3 11
"268" 4.8801911150571 963.866885763127 3465.12401156826 "GCM" 81 9.8567834 11.06905424 12.48055086125 12.62995179 13.6226150315 5 18
"269" 5.13398963282816 1093.86579419952 3608.86040521087 "PCNF" 297 12.168322 14.7911592 15.262782375 15.4270324 16.07242225 1 3
"270" 4.63563696099445 1053.75291435048 3556.69834326254 "GCM" 53 7.33089902 8.517342246 9.566579065 9.667595267 10.436173409 7 26
"271" 5.28924818602391 984.060109057464 3510.76414931798 "DPNF" 740 7.223694669 11.5410890576 13.531379593125 14.1808703298 14.38429878695 2 11
"272" 4.56234983461909 962.531711068004 3581.77068905206 "ObsRes" 13 8.955005 11.377672 12.22911825 12.5087324 13.7762199 4 13
"273" 5.01368467994034 1076.85325114289 3501.55152598862 "PCNF" 192 8.955005 11.2070128 13.08477325 13.5371604 13.9389175 4 9
"274" 4.30504291662946 998.202668945305 3415.50748508656 "GCM" 30 6.538491585 8.646666526 11.04694610375 10.737531039 11.905227177 6 23
"275" 5.36234948057681 989.784519211389 3441.30399639718 "DPNF" 1085 10.10825454 11.04559844 11.9360935475 12.126062729 13.00409956925 3 12
"276" 4.98949429658242 966.577160218731 3451.96206324268 "DPNF" 143 10.942198027 13.506731498 13.8398299175 13.971873185 14.92642442745 2 8
"277" 4.97289181128144 1044.0768980654 3458.15992397023 "PCNF" 172 7.934496 11.3535846 14.7765775 14.574756 15.28057495 3 9
"278" 5.09700372442603 1021.61175872898 3616.05647273595 "PCNF" 42 8.442013 10.1798444 10.149035625 10.7700431 12.58849875 8 18
"279" 5.10866903155111 970.527000073344 3593.09437641408 "PCNF" 237 7.865462 9.6462056 11.744700625 12.9430087 14.5021507 2 8
"280" 4.54067934639752 958.901027578395 3461.42130173277 "PCNF" 436 10.046876 10.3294688 11.84055375 11.8796211 13.1598784 6 14
"281" 5.434502869891 1060.99913268117 3405.75295032002 "PCNF" 103 7.728655 8.7589562 11.6290565 12.2455933 13.3605053 6 17
"282" 5.0013697384391 1039.89240634255 3425.96603625687 "DPNF" 88 8.6509746445 11.5353935158 12.5091735795 12.4255791516 13.04037242945 3 11
"283" 4.49932101820596 950.888967642095 3579.43698096788 "PCNF" 384 11.9047265 14.5246444 14.941133375 15.2583175 15.4991267 1 5
"284" 4.54231679770164 976.216172915883 3450.75594326947 "DPNF" 639 10.168158989 12.3306747676 12.9198355935 13.0843747178 14.0416184444 2 8
"285" 5.74882351923734 976.969560480211 3523.43454882503 "DPNF" 517 7.417246167 11.6871355788 13.21277097875 13.4526784551 14.30900280155 2 11
"286" 5.46570769250393 1066.7909155949 3465.81740767462 "GCM" 29 7.258651835 8.653895524 9.60911521125 9.850115647 10.651975193 8 33
"287" 4.74867924959399 978.130542673171 3628.94963126862 "PCNF" 85 8.802532 9.8986176 10.283699375 10.0524403 13.66294005 11 20
"288" 4.35436283787713 998.76090537291 3506.68456884101 "GCM" 12 9.69182153 11.400161954 12.38111516 13.82080069 14.301115668 3 15
"289" 4.2023926846683 1048.82712305989 3492.79827859718 "DPNF" 875 8.0196062745 11.5948932748 11.9056552905 12.2145040294 13.05291869015 3 10
"290" 4.46133496938273 979.518405976705 3606.00431431085 "ObsRes" 3 9.180846 11.377672 12.398875625 12.5087324 13.9209359 2 6
"291" 5.40738156172447 1052.61969948187 3435.70284701884 "PCNF" 147 7.9117785 8.7101056 9.317873 9.935423 11.3622956 9 24
"292" 4.59460049830377 1092.07492518472 3551.50085718604 "GCM" 26 7.281017125 9.509158928 9.677171125 10.993532981 12.350163054 9 23
"293" 5.79373479704373 974.651172407903 3402.03239684692 "DPNF" 241 9.917824755 11.8028388792 12.32170618875 12.553456801 13.7626863785 2 10
"294" 5.31593564143404 1056.7949739052 3621.97144223377 "GCM" 16 6.241730635 7.107366298 7.455489375 8.341690003 9.1727679435 14 30
"295" 4.22391800880432 1065.51742349984 3493.51628124947 "PCNF" 173 7.8423655 9.223324 9.68748625 10.4402259 12.48918975 9 18
"296" 5.7612981104292 960.653948539402 3580.30013898388 "PCNF" 402 6.17819 8.8709368 10.610371 11.0464928 12.85853175 5 15
"297" 4.85780236143619 994.925846147817 3496.71834961977 "PCNF" 94 8.360339 9.3415556 10.6451485 11.0612406 12.5589499 5 22
"298" 5.65651138876565 965.30980769312 3491.10869874479 "PCNF" 282 8.4066555 8.9575464 9.16468725 9.4711785 11.2227253 12 19
"299" 5.01723518036306 955.42374671204 3469.44056346547 "PCNF" 290 9.8307605 10.4166748 11.53579675 11.3742522 11.89666525 6 19
"300" 4.77000419343822 1005.84979255218 3514.67372717336 "DPNF" 59 10.263816663 12.65786976 12.81245088375 13.0874871787 13.41802667165 3 14
"301" 4.36715542841703 973.901887785178 3488.10045823222 "ObsRes" 95 9.180846 11.377672 13.498481875 14.1193223 15.7261194 2 7
"302" 5.93580626710318 1028.56719291303 3533.19518942852 "GCM" 47 9.21461298 11.403782238 12.65182778625 13.241713209 13.824193613 3 15
"303" 4.34265779131092 974.320327234454 3554.47383090621 "DPNF" 96 8.6509746445 11.5353935158 12.5091735795 12.4255791516 13.04037242945 3 10
"304" 5.67063027885743 1041.57756373752 3566.82008099277 "PCNF" 33 8.955005 11.514343 13.904243375 14.7297984 15.75182595 3 9
"305" 5.50086504598148 997.181495011318 3417.89458506508 "PCNF" 7 7.8423655 9.5254514 11.094435125 10.6665491 11.30255895 5 21
"306" 5.08348959786817 1076.19052465307 3463.30636229599 "PCNF" 242 10.2308775 15.3161902 15.013624375 15.8751822 17.09615125 2 7
"307" 5.54291897825897 1005.33427480841 3622.65459884424 "GCM" 33 6.55596595 7.783635754 8.93557757 9.351433099 10.077226613 8 30
"308" 5.52071501417086 1018.43277778244 3446.10753718764 "PCNF" 367 7.141747 10.5387742 12.25346525 12.9977313 14.56780965 3 14
"309" 5.92004147213884 1064.92566305678 3569.60275565507 "DPNF" 551 7.417246167 12.1629382112 12.447034544875 13.7113530249 14.4989003383 2 10
"310" 5.62966039362364 1014.16550292633 3511.32033312693 "PCNF" 435 8.6718045 11.1447162 11.69331675 11.7985941 13.795788 4 15
"311" 5.94171174662188 1086.88140745508 3540.71519275894 "GCM" 38 7.57303437 13.670227092 14.10598589 14.855156573 16.145055758 2 5
"312" 4.32168263266794 994.937880744692 3563.98990906775 "ObsRes" 73 8.2664665 9.5318822 11.205251125 11.98253 13.02623855 5 14
"313" 5.56800183355808 1060.31223728787 3500.67992988043 "DPNF" 377 9.821863558 10.3608398632 11.1153689845 11.4656913116 12.9122164738 5 11
"314" 4.65110080833547 999.494507769123 3431.33396300254 "PCNF" 390 8.802532 13.8875696 14.835716625 15.5622235 16.4989662 3 4
"315" 5.35232214569114 967.991091031581 3423.58642587438 "PCNF" 382 8.4066555 9.6054566 10.072051875 10.9561836 11.9001537 4 13
"316" 5.78493437496945 978.924897906836 3519.53655020567 "DPNF" 1190 6.996239006 12.13944762 13.184413834 13.361111214 13.6597557361 2 11
"317" 4.39441365832463 1041.85140662594 3613.28934790567 "DPNF" 898 6.461068605 11.256151462 11.9056552905 12.4581578394 14.553855753 3 9
"318" 5.85472783441655 1039.5945168566 3520.76577418949 "GCM" 15 8.10239829 9.380885784 9.8121496525 9.890028768 11.2349439305 11 24
"319" 5.55610055867583 1040.19505329197 3409.14228622336 "DPNF" 492 7.119604997 10.7445114608 11.4285801155 11.7562460624 12.86558544475 3 15
"320" 5.2144913721364 1026.66460744804 3459.28021612577 "PCNF" 298 8.140541 9.7735394 11.599448625 12.8224558 14.65592215 4 13
"321" 4.47772728893906 953.457295929547 3472.12551458739 "DPNF" 95 8.6509746445 11.5353935158 12.5091735795 12.4255791516 13.04037242945 3 11
"322" 5.41471546045504 1011.62737166742 3466.19915510295 "PCNF" 370 7.509545 9.0624306 9.552429375 10.5181003 11.7755577 7 16
"323" 5.81801913944073 1042.01739527052 3614.1838628985 "ObsRes" 12 8.955005 11.377672 12.37351325 12.5087324 13.9209359 4 12
"324" 4.43123740791343 1081.22245231643 3458.45033424906 "DPNF" 126 10.942198027 12.0700312182 12.703668683875 12.8831738851 13.8093728393 2 8
"325" 5.48660035100766 1073.73339023907 3585.15051948372 "GCM" 1 6.854005615 9.066394686 10.06172758375 10.328039104 10.9693855715 6 27
"326" 5.96419835686684 955.944124318194 3521.28391843988 "PCNF" 377 9.255409 10.5504654 13.570802875 14.6055339 15.5728783 5 11
"327" 5.99705303893425 1088.26627572998 3545.86287379032 "DPNF" 1030 10.640010599 12.2429047062 12.333605850125 13.3027831661 13.95185847215 3 14
"328" 5.80785892289132 1085.11211611331 3580.32348472392 "PCNF" 310 10.274275 12.4168228 13.12178725 14.0372646 14.8881098 2 8
"329" 5.51226856741123 1067.54177098628 3434.60906204302 "PCNF" 100 8.1471965 9.7343514 10.3401405 10.4255543 12.60087665 6 25
"330" 5.84427159880288 951.619899808429 3615.1311411499 "DPNF" 378 9.821863558 10.3608398632 11.1153689845 11.4656913116 12.9122164738 5 11
"331" 5.33162283715792 1086.23152312357 3475.45973312808 "PCNF" 376 6.2245065 7.3029638 8.36774075 9.0037952 9.61105885 10 25
"332" 4.35863600671291 957.428348949179 3419.16661727475 "PCNF" 381 9.7649125 13.9684156 14.160260125 15.0619705 16.6873857 2 9
"333" 5.01293361447752 989.40992228454 3465.00400950667 "PCNF" 371 6.270823 8.7901298 10.115758625 10.1273052 11.56056655 7 20
"334" 5.70441300021484 955.651186546311 3528.69087690022 "GCM" 7 7.084481625 8.815346584 8.8354392325 8.970344428 9.9494597595 13 32
"335" 5.83565119151026 1023.29870915273 3430.38171034073 "DPNF" 931 9.222945858 11.7464440342 12.944132119125 13.6430059902 14.1595114847 3 10
"336" 5.22041737725958 1066.9861031929 3621.34706443176 "DPNF" 1159 10.0731251955 12.0964971122 12.952452732625 13.0973792881 13.41081462245 2 10
"337" 5.62550059212372 1097.85870310152 3533.84137305664 "PCNF" 57 9.024418 11.8000436 13.337395 14.379638 15.2410542 3 11
"338" 4.2489723786246 1022.24128149683 3477.4735718593 "ObsRes" 22 8.955005 11.377672 12.16304925 12.2503228 13.0913134 4 17
"339" 5.90308995936066 1076.90079259919 3452.86705057137 "DPNF" 1012 10.640010599 12.3668156426 13.12125104625 13.3623695435 13.95185847215 3 13
"340" 5.10148184001446 1087.90894995909 3547.86856189137 "DPNF" 1120 8.648547228 11.2302699952 12.31388729325 12.2402127616 13.17715536495 4 8
"341" 5.77766755241901 951.243860635441 3554.36856994871 "PCNF" 222 7.796049 9.2441344 10.101753375 10.2045469 11.29063975 7 23
"342" 4.25511742592789 1067.63033131137 3427.23434441956 "DPNF" 97 8.6509746445 11.5353935158 12.5091735795 12.4255791516 13.04037242945 3 10
"343" 5.59749458120204 1033.09494050918 3411.29904654343 "DPNF" 1060 6.8612734885 10.8652382032 12.416428764125 13.0712837203 13.8652599845 3 11
"344" 5.58277344298549 1052.67909001559 3559.08179609338 "PCNF" 157 6.2245065 10.3133936 13.77241075 14.858526 17.34969975 3 6
"345" 4.27657846338116 1040.96310028108 3617.86952320486 "DPNF" 651 8.5565333865 11.91578894 12.871254992625 13.1402616641 13.4511067712 2 11
"346" 5.25349468183704 1064.50366154313 3430.7803085167 "DPNF" 163 10.5406233665 11.6206253926 12.683081710375 12.9803674833 14.16814231365 2 10
"347" 5.08741163369268 1051.76933972398 3528.95911345724 "PCNF" 46 6.17819 9.0195546 9.051373625 9.2815522 9.8420606 17 30
"348" 5.52192235440016 1082.84196296008 3583.7053039344 "GCM" 40 9.13252208 9.60471693 10.16890851375 10.320550254 10.9168989365 12 29
"349" 4.34619601224549 1018.97372478852 3480.45989714097 "PCNF" 59 8.1012395 9.7479648 10.704772125 11.0077584 13.7534235 6 17
"350" 4.73378097536042 998.147305741441 3431.56427915208 "DPNF" 301 8.785109026 11.6238620884 11.87163270775 12.2222773712 14.3957300723 3 11
"351" 4.72204112922773 1021.99819369707 3578.56004399946 "DPNF" 745 7.223694669 11.5392202762 12.840672246375 13.6858889461 14.07577645645 2 10
"352" 4.25249207513407 1087.07474869443 3444.12425302435 "DPNF" 861 8.0196062745 12.622625132 13.28267647625 13.282754772 14.103625748 2 8
"353" 4.98489657458849 1085.22662894102 3536.48453272646 "DPNF" 172 10.5406233665 11.6206253926 12.683081710375 12.9803674833 14.16814231365 2 9
"354" 5.41526231132448 997.828125173692 3628.01915380172 "PCNF" 89 7.5203815 10.2321766 10.923042875 10.8855592 12.0876144 4 19
"355" 5.80209022262134 1049.50558283599 3596.38361335965 "PCNF" 493 8.4066555 9.2949642 9.441544875 9.896289 10.8335165 9 28
"356" 5.52875390346162 1098.99842557497 3426.28395624459 "PCNF" 298 8.140541 9.7735394 11.599448625 12.8224558 14.65592215 4 13
"357" 4.47541559818201 1004.53389337054 3547.78295995202 "DPNF" 313 9.182663323 12.4487705872 13.470661352 13.1855113326 13.8770164853 2 6
"358" 5.24452141025104 964.066238433588 3563.31154698972 "PCNF" 437 7.428251 8.0501678 8.771079125 9.1392197 10.3536666 8 23
"359" 4.77730152485892 1036.55092089903 3475.94965988537 "DPNF" 1075 6.8612734885 10.8652382032 12.416428764125 12.5750711772 13.8652599845 3 12
"360" 5.67406111336313 1072.6051081554 3626.31243739976 "GCM" 20 8.378052185 10.336294982 10.74533407375 10.79193155 11.2458627455 7 29
"361" 4.77522217668593 1073.89845883008 3598.21571332868 "GCM" 93 7.817531475 8.521039348 10.0085209175 10.29307078 12.1505958865 9 19
"362" 4.5714912224561 1076.22845905134 3489.16491447715 "PCNF" 323 9.941711 11.3943728 12.549104 12.8481141 13.85741505 2 11
"363" 5.77766755241901 951.243860635441 3554.36856994871 "PCNF" 133 10.20816 11.920783 13.343823875 13.2548184 16.12077355 2 9
"364" 4.8088983326219 1051.84051304823 3458.74703538371 "DPNF" 14 11.0616692645 12.3293055778 13.782034098625 13.8026166609 14.884146543 2 10
"365" 4.70032980814576 1019.04237128329 3568.3516066405 "DPNF" 140 10.942198027 12.8416248502 13.8398299175 13.971873185 14.201618489 2 9
"366" 5.9926771666389 1000.60213771649 3551.05957496911 "DPNF" 990 9.1164611675 11.5953331772 12.004482616 12.1222785448 13.400235556 3 16
"367" 4.59679961297661 997.691953543108 3502.79895743588 "GCM" 48 7.730525975 10.046331376 11.14874509875 11.171734505 11.985703399 3 16
"368" 5.11808812189847 968.424968619365 3416.60796528216 "DPNF" 7 11.99200841 12.515916964 13.8428949125 13.965810894 14.884146543 1 8
"369" 5.16287592463195 987.776752037462 3400.10035503889 "DPNF" 621 9.717505384 11.6608071912 12.73318341325 13.0843747178 13.6261536142 3 11
"370" 4.42452536760829 1053.97142005386 3545.55682869395 "DPNF" 1180 6.996239006 12.0964971122 12.952452732625 13.0973792881 13.47722867795 2 12
"371" 4.2312687870115 1062.83332576277 3604.278917911 "PCNF" 194 8.054923 10.9817334 10.802111125 11.3492461 12.1982579 4 23
"372" 5.9224242397584 978.789046884049 3427.22973062191 "DPNF" 1029 10.640010599 12.2429047062 12.333605850125 13.3027831661 13.95185847215 3 13
"373" 4.98140514101833 996.418644418009 3502.96840896364 "PCNF" 224 9.679844 10.3770492 10.55655375 11.1243144 12.667393 9 18
"374" 5.45610955925658 1043.29848084599 3438.89002739452 "PCNF" 266 5.810392 9.5666392 9.900117125 9.9852088 12.535488 4 18
"375" 5.86755817076191 1075.82427149173 3612.02760542277 "DPNF" 316 9.182663323 12.4487705872 13.470661352 13.1855113326 13.8770164853 2 6
"376" 5.81765639497899 1077.54048174247 3487.57951920619 "PCNF" 485 7.337146 8.4428228 9.787666125 9.938095 11.10852185 8 28
"377" 4.69729031422176 1016.92201098194 3447.86902040709 "PCNF" 430 8.5149945 10.4420236 11.538188625 12.127297 12.7552041 4 16
"378" 4.95754958409816 1083.79135472933 3482.5782104861 "DPNF" 859 8.0196062745 12.5408499018 12.427894393625 12.7642875949 13.89104590095 3 9
"379" 5.66984239169396 1050.25050335098 3535.01540583093 "PCNF" 250 7.865462 11.6646534 12.06589925 11.8324155 13.52727625 4 13
"380" 4.79969665543176 1032.0465609082 3524.33815635741 "PCNF" 476 7.796049 9.591408 12.208339 13.1583899 13.686617 5 15
"381" 4.77874256218784 992.74161211215 3418.09134414652 "DPNF" 915 6.461068605 11.256151462 13.128219508875 13.6430059902 14.30430921915 3 8
"382" 5.84399647917598 984.187194320839 3478.9289034158 "DPNF" 96 8.6509746445 11.5353935158 12.5091735795 12.4255791516 13.04037242945 3 10
"383" 5.74010748993605 1038.85579395574 3525.68820034154 "GCM" 59 7.559194915 10.512570912 10.90385865125 11.588455436 13.214953209 4 21
"384" 5.84817764572799 1092.69511114107 3422.05124370754 "DPNF" 489 7.119604997 10.7445114608 11.4285801155 11.7562460624 12.88925527655 3 14
"385" 4.96132051181048 1060.16638033325 3501.2953177467 "PCNF" 69 8.360339 9.5605494 11.486329875 12.1812407 13.2308777 3 16
"386" 4.58531279345043 974.492456915323 3532.60767343687 "PCNF" 462 8.809811 11.7182512 11.9810315 12.5149056 13.6265707 3 11
"387" 4.94452187363058 981.342627108097 3604.9739026092 "DPNF" 1169 10.0731251955 12.0964971122 12.952452732625 13.0973792881 13.41081462245 2 11
"388" 5.12865682798438 1065.70390411653 3472.56269340171 "PCNF" 221 7.796049 10.3611308 11.887180375 13.0226559 13.5256834 4 14
"389" 5.65242896438576 1048.40613994747 3415.38514321903 "DPNF" 1106 8.648547228 11.04559844 11.9360935475 12.126062729 13.11061110825 4 14
"390" 5.95669844071381 997.701780346688 3613.94594972953 "DPNF" 914 6.461068605 11.256151462 13.128219508875 13.6430059902 14.30430921915 3 8
"391" 5.59329218999483 1082.57659997325 3618.9556881343 "DPNF" 823 8.631448091 10.6532827238 13.113951868625 13.3064383847 14.64517919495 5 12
"392" 5.51205341233872 975.685542984866 3524.8172608763 "PCNF" 54 8.8561275 12.3395624 14.379080875 14.5583969 16.48489085 3 9
"393" 5.87233788776211 1080.08984841872 3628.76384153031 "DPNF" 1237 9.9182099645 12.70082316 13.119489719875 13.5988604969 14.69763584095 2 8
"394" 5.44984181765467 1090.79918897478 3591.2348761945 "ObsRes" 64 8.201571 9.5318822 11.205251125 11.98253 13.02623855 5 16
"395" 4.36256794952787 1085.91716850642 3436.87606040854 "PCNF" 211 7.8423655 8.521341 9.436215875 9.7779432 11.31368325 8 20
"396" 5.47269135382958 968.706919113174 3434.14800695842 "DPNF" 339 10.1438281765 11.59863205 12.4611932525 12.9258027603 13.07689732165 3 10
"397" 4.38640002245084 1023.59169690171 3613.21360856993 "GCM" 76 9.476135935 11.358250856 11.4501507225 11.568966035 13.312619651 4 20
"398" 4.35479376534931 1068.72637649067 3614.2375626578 "GCM" 49 5.78434886 9.85845897 10.62572986125 10.686516743 11.7913062165 4 23
"399" 4.77759478585795 1095.30413936591 3541.11770610558 "PCNF" 129 8.3040065 11.1041332 12.960550375 13.5311652 14.2434293 4 14
"400" 4.45813859011978 965.855064603966 3481.95920171216 "GCM" 31 6.26016579 8.288948784 9.597296855 10.322823235 11.9080217425 6 19
"401" 4.79411859568208 998.125826625619 3551.66393089108 "PCNF" 391 9.5060385 10.2856196 13.376742 13.8955148 15.75886385 5 10
"402" 4.25883882078342 1028.88271610718 3482.90081988554 "PCNF" 445 7.796049 10.9037946 11.857627375 12.0507329 13.9608975 4 15
"403" 5.21161951250397 1073.25702597154 3575.10587025434 "DPNF" 904 6.461068605 11.256151462 13.239575765 13.7076961481 14.60531633955 3 9
"404" 4.81263194661588 964.774680521805 3516.93849578034 "DPNF" 880 8.0196062745 11.5948932748 11.9056552905 12.2145040294 13.05291869015 3 11
"405" 5.55162310777232 984.830123034772 3612.01387305977 "GCM" 107 9.17311535 11.293730172 11.4560208775 11.947244488 13.459006276 4 17
"406" 4.9176763292402 1070.87218459928 3537.02527246671 "PCNF" 320 7.337146 8.5021234 9.338552 9.8944549 11.66283995 7 21
"407" 4.67451265328564 1005.7447899715 3422.60494933464 "PCNF" 294 7.5558615 8.174171 10.392310625 10.8685279 12.9547732 6 19
"408" 4.51127016968094 1090.16020632116 3411.55264042318 "PCNF" 178 7.796049 8.8277152 11.33957375 12.338974 13.4194811 5 18
"409" 5.72136736954562 985.323732579127 3531.80021365173 "DPNF" 1121 8.648547228 11.2302699952 12.31388729325 12.2402127616 13.17715536495 4 9
"410" 5.80339039703831 960.121436207555 3543.77000752836 "DPNF" 753 7.223694669 11.5392202762 12.840672246375 13.6858889461 14.07577645645 2 7
"411" 4.32376025039703 1020.79411161831 3432.7904009237 "PCNF" 253 6.2245065 8.0228246 8.990725 9.8071 9.90046625 11 22
"412" 4.53117280765437 963.45627871342 3539.64185153833 "PCNF" 282 8.4066555 8.9575464 9.16468725 9.4711785 11.2227253 12 19
"413" 5.61113219833933 1065.72597150225 3623.03996236064 "DPNF" 517 7.417246167 11.6871355788 13.21277097875 13.4526784551 14.30900280155 2 11
"414" 5.79676683484577 988.336498010904 3528.47637699917 "DPNF" 38 8.518337423 11.4688220592 11.5550847195 12.0941007896 12.77105798795 4 17
"415" 5.21560803023167 1087.12125481106 3503.48163455026 "PCNF" 141 5.8567085 8.9308516 10.60839325 11.5540318 11.899919 7 18
"416" 4.77148610260338 1057.57525616791 3521.16291015409 "PCNF" 353 8.4066555 10.1225896 10.460114 10.471368 14.8505106 6 16
"417" 5.83481550193392 977.384051633999 3468.24971651891 "DPNF" 593 8.8231648175 10.984683489 12.610065744375 13.4192982546 14.7415304104 3 8
"418" 4.31399371884763 962.343532766681 3602.57778693689 "PCNF" 406 7.796049 8.7278394 9.022077375 9.2754589 10.11223625 6 30
"419" 5.82520075072534 1051.16872882936 3506.35992985684 "PCNF" 440 10.010131 11.0348456 11.311861375 11.8775947 13.8965782 7 12
"420" 5.29124229149893 1050.97205435159 3420.49569018651 "PCNF" 130 8.8361365 10.4740278 11.727671875 12.2446425 13.09538585 5 21
"421" 5.31008374700323 1019.76037104614 3584.54444093164 "GCM" 85 5.670558495 7.6854995 9.7159509 10.895510599 11.261729917 6 23
"422" 5.88480371902697 1016.60482670413 3477.32315574773 "PCNF" 200 8.671126 10.9936236 11.712906875 12.675925 12.90236775 3 12
"423" 5.67031051260419 1067.98875392415 3514.30939229671 "DPNF" 411 11.97728867 12.407836198 14.01790766625 14.159564916 15.365614211 3 4
"424" 5.96554532661103 1004.98484318377 3605.99655331811 "DPNF" 117 10.5361412115 12.0700312182 12.703668683875 12.8831738851 13.8093728393 2 9
"425" 5.48365168003365 1057.05692025367 3403.49046839634 "PCNF" 204 7.3834625 8.746366 9.578940125 11.1443675 11.7511168 8 19
"426" 5.57250040769577 962.084786524065 3481.00640368648 "DPNF" 297 8.785109026 11.6238620884 11.87163270775 12.2222773712 14.6455745071 3 10
"427" 5.88103149589151 1052.06142254174 3574.06137789367 "PCNF" 489 7.608322 10.4121894 12.356304375 12.2002889 13.2273678 5 16
"428" 5.14476783117279 1051.87139117625 3516.5052222833 "DPNF" 119 11.053020335 12.0700312182 12.703668683875 12.8831738851 13.8093728393 2 8
"429" 4.5982434393838 1083.5807934287 3551.6311586136 "PCNF" 70 9.180846 12.384016 14.173803125 14.4519043 14.94814395 3 10
"430" 5.74521492971107 1003.92459864961 3420.43805019464 "DPNF" 387 11.137188365 12.178879286 12.7222042875 13.107222935 13.6053934935 2 6
"431" 5.46390841011889 1085.22311507259 3414.08254283946 "DPNF" 804 8.2768014565 10.2533619328 11.367758453 11.9845981415 12.4931185457 3 15
"432" 5.38583493372425 989.013459347188 3462.16027995571 "DPNF" 147 10.942198027 13.506731498 13.8398299175 13.971873185 14.8950805005 2 8
"433" 5.32136833886616 956.90647426527 3443.30318800639 "DPNF" 254 11.100578615 12.036196714 12.32170618875 12.553456801 13.6998287145 2 7
"434" 4.83444496155716 1014.55776764778 3485.77279231278 "DPNF" 148 10.942198027 13.506731498 13.8398299175 13.971873185 14.7188040425 2 8
"435" 5.14721532636322 1011.77501794882 3521.74399230862 "GCM" 96 9.699629335 10.394491426 10.59005253 10.929765325 12.305887573 9 20
"436" 4.63888202779926 1086.72044624109 3424.33711731806 "PCNF" 236 8.5149945 9.0195546 9.501677125 9.8692092 10.46716985 12 31
"437" 5.8778254870791 1015.71429918986 3510.58723962866 "PCNF" 180 9.830082 12.3093586 14.616321625 14.9377504 16.02193505 4 7
"438" 5.07041952610016 1056.87945510726 3619.50814618263 "GCM" 73 7.788723935 10.565329102 13.1517958725 13.162963478 14.2218938075 5 18
"439" 4.45596995330416 1068.64770104876 3565.15535782324 "ObsRes" 60 8.201571 9.5318822 11.205251125 12.1557287 13.02623855 5 15
"440" 5.52091067587025 1024.04631900135 3539.02280061971 "GCM" 2 9.887286295 10.29824474 11.440627685 11.72027989 13.236193707 6 19
"441" 4.94892620583996 990.481908502989 3448.66199634736 "PCNF" 333 8.520888 9.5176072 11.097930375 11.94798 13.7333701 6 10
"442" 4.5039330129046 979.954731289763 3500.0731109851 "DPNF" 40 8.518337423 11.4688220592 11.5550847195 12.0941007896 12.77105798795 4 17
"443" 4.29863202972338 969.197248853743 3584.18948793085 "PCNF" 52 8.561311 10.3757442 11.14775675 12.3230807 14.47929795 4 9
"444" 5.40479716113768 1063.38632168481 3478.81159036653 "PCNF" 438 6.270823 8.364744 9.490717875 9.5697382 10.2165129 11 31
"445" 5.81170040108263 1037.48600675026 3602.91780642467 "GCM" 94 8.27742994 9.135206208 9.896056145 10.117759526 10.993423533 7 28
"446" 5.41941016525961 1093.46130258637 3478.2226418308 "PCNF" 471 7.796049 9.3292166 11.5331885 11.5361534 13.37523175 6 19
"447" 4.36432907455601 974.347320140805 3555.02466341248 "PCNF" 334 9.6778795 12.0915268 12.950167 12.9269282 13.6989753 3 12
"448" 5.91480643255636 961.274146230426 3421.87653341331 "DPNF" 178 9.671244327 11.1781707448 11.8937587805 12.9803674833 13.9727480782 4 12
"449" 4.62093913913704 1065.43452176265 3588.85743543273 "DPNF" 603 9.717505384 11.6608071912 12.73318341325 13.1626982976 13.6261536142 3 8
"450" 5.01032771263272 955.466266884468 3425.05201379536 "PCNF" 79 6.270823 8.5391766 10.32955925 11.4490218 12.4100898 8 23
"451" 4.64167224182747 1044.30532217957 3458.7171763368 "DPNF" 214 8.157824257 11.5402761028 12.8953592355 13.3466280679 13.96417491645 3 13
"452" 5.26471919473261 981.617217487656 3550.346366046 "PCNF" 243 9.024418 9.8332684 10.754094 10.8983856 12.0945705 7 21
"453" 5.12761307149194 1095.07375723915 3456.3633154938 "DPNF" 26 8.518337423 11.4688220592 11.5550847195 12.4825565366 13.15693800035 4 17
"454" 5.02925115656108 991.235211968888 3439.10524016712 "PCNF" 424 10.1328535 11.8731274 11.86123375 13.3261311 16.45192795 4 8
"455" 5.10518488688394 982.854006241541 3404.36917270999 "PCNF" 342 9.852243 10.575188 11.854424625 12.1359482 14.3143494 6 11
"456" 4.35828849384561 1068.86842250824 3460.31461132923 "PCNF" 481 8.668501 9.9812084 10.8643595 11.4195525 14.102625 4 11
"457" 4.38848744323477 994.93802638026 3537.51752617769 "DPNF" 1226 7.3841715715 11.0116642806 12.664524712875 12.5085421723 13.90545992865 3 8
"458" 5.34236830626614 1001.39358603628 3504.75106980186 "ObsRes" 30 8.201571 11.4358556 12.16304925 12.2503228 12.92123295 4 16
"459" 5.09289527088404 1069.33829310583 3400.69262116915 "DPNF" 327 10.1438281765 11.59863205 12.4611932525 13.0701659163 14.4947556745 3 8
"460" 4.76296894736588 1042.92477491545 3455.90135453967 "GCM" 37 9.043646925 9.58728952 11.439941315 11.630035351 13.6866660905 5 12
"461" 5.49284121771343 996.079556690529 3628.24695781805 "DPNF" 704 7.1246361005 11.562936222 11.237381414 11.9311592552 13.54974783265 3 12
"462" 4.3166419622954 1007.36763476161 3509.94961458258 "PCNF" 242 10.2308775 15.3161902 15.013624375 15.8751822 17.09615125 2 7
"463" 5.80339039703831 960.121436207555 3543.77000752836 "PCNF" 132 7.337146 11.4228464 12.770435875 13.2678867 14.3901497 4 12
"464" 5.04664313877001 1070.90562608792 3419.78262660094 "PCNF" 264 7.9117785 8.803793 9.961392 10.1867019 12.4508185 6 19
"465" 5.95522214700468 965.514080575667 3614.44435870508 "PCNF" 144 8.5672045 9.9137654 11.791274375 12.8651111 14.41864045 5 12
"466" 5.13366271681152 984.85376132885 3473.47110082163 "DPNF" 913 6.461068605 11.256151462 13.128219508875 13.6430059902 14.41027164015 3 8
"467" 4.84673862182535 1009.33948104503 3560.6552126375 "PCNF" 234 10.0457325 13.2787556 14.3223035 14.6219265 15.1948689 2 10
"468" 5.45875552827492 1056.23730308143 3551.51005066931 "PCNF" 207 5.8567085 9.2065222 12.64250025 13.3261452 14.0916472 4 12
"469" 4.69404647494666 978.203212760855 3465.47384439269 "ObsRes" 102 9.180846 11.377672 12.398875625 12.5087324 14.63134695 2 7
"470" 4.4898767109029 1059.12203557091 3505.41646963451 "DPNF" 876 8.0196062745 11.5948932748 11.9056552905 12.2145040294 13.05291869015 3 10
"471" 5.88606687393039 1081.64563812315 3571.91709159408 "PCNF" 394 7.337146 9.1916014 9.935027375 11.765461 13.9391283 6 14
"472" 4.36432907455601 974.347320140805 3555.02466341248 "PCNF" 137 10.500998 12.6931106 12.573635 12.7182768 14.6870373 3 11
"473" 4.63085598670878 1077.30088640237 3552.65718475217 "PCNF" 404 7.8423655 9.7331398 10.924801875 12.8788415 14.60422425 7 12
"474" 4.87697996185161 1084.56501218025 3536.39381591231 "PCNF" 359 8.140541 13.5536514 14.62805225 14.8553802 15.4706695 2 8
"475" 4.74450630443171 975.482723559253 3564.89987086039 "PCNF" 419 8.442013 12.0689468 13.408456 14.0489511 14.98332065 2 7
"476" 5.39799137217924 1032.62052272912 3526.24097107444 "PCNF" 25 10.547859 12.8907908 14.827846625 14.9234585 15.31818795 2 8
"477" 4.21721954676323 986.120480182581 3516.05337160639 "DPNF" 1043 6.8612734885 11.1197748772 12.333605850125 13.3027831661 14.26339906045 3 14
"478" 5.64840376283973 1044.34568998404 3459.31116461521 "DPNF" 548 7.417246167 11.6871355788 12.447034544875 12.8533030919 14.6000416363 2 9
"479" 5.31123450938612 967.869533109479 3555.05946463207 "ObsRes" 84 8.2664665 9.5318822 11.205251125 11.98253 13.8920933 5 9
"480" 5.49367277165875 1001.9748217077 3436.20382896159 "PCNF" 387 7.3834625 8.0842272 8.698344375 9.6233177 11.64658655 8 20
"481" 5.90369667084888 1045.80297591165 3564.68720722478 "PCNF" 352 8.0942245 9.1696218 11.1801565 12.4194194 13.10404025 5 15
"482" 5.30089497165754 1066.64247467415 3566.26241419464 "PCNF" 232 9.182404 12.0173708 13.435812125 12.851154 14.56815015 4 10
"483" 5.719910993753 1059.94977190858 3441.17399067851 "DPNF" 1013 10.640010599 12.50792884 13.12125104625 13.3623695435 13.95185847215 3 12
"484" 5.3738915188238 1008.69875981007 3562.39086272428 "PCNF" 388 7.337146 9.4423274 10.930981625 10.9345416 12.702024 6 22
"485" 5.88480371902697 1016.60482670413 3477.32315574773 "PCNF" 372 8.4066555 9.6945526 12.625064375 13.9059395 15.14867765 5 8
"486" 4.37039724178612 1027.99606511835 3624.23333766637 "DPNF" 1146 10.281117139 12.65122899 13.5122414425 14.130157028 14.6198902939 2 5
"487" 4.90961433313787 1012.24514408968 3450.5771994032 "PCNF" 189 8.955005 10.2239432 10.63883475 11.4824765 11.8006926 8 23
"488" 4.9015910258051 1050.16543063102 3629.68087864807 "DPNF" 456 9.7142677455 11.1429439086 12.0974752155 12.6650930992 13.90078626915 2 10
"489" 5.6234723798465 1005.71272074012 3577.2486352222 "DPNF" 852 8.0196062745 10.6532827238 12.427894393625 12.1507420869 13.48088185445 5 10
"490" 5.90480894772336 1027.84622194013 3413.82390246959 "DPNF" 501 7.119604997 10.7445114608 11.4285801155 11.7562460624 12.86558544475 2 11
"491" 5.66984239169396 1050.25050335098 3535.01540583093 "ObsRes" 96 9.180846 11.377672 12.558040875 13.9248246 15.65563245 2 6
"492" 5.57846212224104 1014.96727527119 3603.48467436386 "DPNF" 51 8.518337423 11.4688220592 11.5550847195 12.0941007896 12.77105798795 4 17
"493" 4.64704661672004 979.108913056552 3495.16802825034 "DPNF" 103 8.6509746445 11.5353935158 12.703668683875 12.9962753869 13.562530173 3 10
"494" 5.96419835686684 955.944124318194 3521.28391843988 "DPNF" 538 7.417246167 11.6871355788 12.447034544875 12.8533030919 14.3154724068 2 9
"495" 5.15641650231555 973.572452692315 3433.59674941748 "GCM" 106 7.512228115 9.584958476 9.9557902 9.705038952 10.44445327 3 22
"496" 4.25511742592789 1067.63033131137 3427.23434441956 "GCM" 87 8.3378361 9.44766189 9.78322215125 10.562599964 12.2194327755 5 19
"497" 5.59749458120204 1033.09494050918 3411.29904654343 "PCNF" 29 8.0697645 10.3717538 11.384860125 11.8555692 12.6400826 4 18
"498" 4.29991734679788 964.235777233262 3612.45198189514 "DPNF" 996 9.1164611675 11.6447990796 12.004482616 12.1222785448 13.400235556 3 13
"499" 4.54122536326759 1023.28913660021 3401.05647103395 "DPNF" 1195 6.996239006 12.5670389484 13.184413834 13.5325371332 14.3121273256 2 10
"500" 5.77704759291373 1017.96289293561 3513.01635377808 "DPNF" 1196 6.996239006 12.5670389484 13.184413834 13.5325371332 14.3670054646 2 11
