//NFE=3
//SBX=0.16666666666666666
//DE=0.16666666666666666
//PCX=0.16666666666666666
//SPX=0.16666666666666666
//UNDX=0.16666666666666666
//UM=0.16666666666666666
//Improvements=3
//Restarts=0
//PopulationSize=3
//ArchiveSize=2
65.000000 15.000000 1085.000000 1025.000000 985.000000 930.000000 920.000000 915.000000 910.000000 900.000000 1000000.000000 500000.000000 350000.000000 150000.000000 100000.000000 100000.000000 100000.000000 100000.000000 3380.000000 3375.000000 3370.000000 3370.000000 3370.000000 995.000000 975.000000 975.000000 975.000000 975.000000 32.000000 6.000000 15.000000 35.000000 44.000000 0.000000 0.000000 1.000000 0.000000 0.000000 8820000.000000 7100000.000000 12660000.000000 5510000.000000 12950000.000000 0.000000 0.000000 51.562500 15917.321250 56220.833750 0.000000 10370683.478750 0.000000 -35341431.248750 0.000000 0.000000 0.000000 0.000000 0.000000 0.000000 0.000000 0.000000
15.000000 5.000000 995.000000 940.000000 915.000000 905.000000 900.000000 900.000000 900.000000 900.000000 1850000.000000 1500000.000000 500000.000000 350000.000000 300000.000000 100000.000000 100000.000000 100000.000000 3425.000000 3405.000000 3375.000000 3370.000000 3370.000000 1070.000000 1070.000000 1030.000000 995.000000 990.000000 27.000000 37.000000 10.000000 1.000000 35.000000 1.000000 0.000000 1.000000 1.000000 1.000000 11990000.000000 9130000.000000 13910000.000000 9230000.000000 14590000.000000 2.000000 0.000000 45.000000 14957.095000 50550.000000 0.315000 10456836.523750 0.000000 -35269942.865000 0.000000 0.000000 0.000000 0.000000 0.000000 0.000000 0.000000 0.000000
#
//NFE=5
//SBX=0.16666666666666666
//DE=0.16666666666666666
//PCX=0.16666666666666666
//SPX=0.16666666666666666
//UNDX=0.16666666666666666
//UM=0.16666666666666666
//Improvements=3
//Restarts=0
//PopulationSize=3
//ArchiveSize=2
65.000000 15.000000 1085.000000 1025.000000 985.000000 930.000000 920.000000 915.000000 910.000000 900.000000 1000000.000000 500000.000000 350000.000000 150000.000000 100000.000000 100000.000000 100000.000000 100000.000000 3380.000000 3375.000000 3370.000000 3370.000000 3370.000000 995.000000 975.000000 975.000000 975.000000 975.000000 32.000000 6.000000 15.000000 35.000000 44.000000 0.000000 0.000000 1.000000 0.000000 0.000000 8820000.000000 7100000.000000 12660000.000000 5510000.000000 12950000.000000 0.000000 0.000000 51.562500 15917.321250 56220.833750 0.000000 10370683.478750 0.000000 -35341431.248750 0.000000 0.000000 0.000000 0.000000 0.000000 0.000000 0.000000 0.000000
15.000000 5.000000 995.000000 940.000000 915.000000 905.000000 900.000000 900.000000 900.000000 900.000000 1850000.000000 1500000.000000 500000.000000 350000.000000 300000.000000 100000.000000 100000.000000 100000.000000 3425.000000 3405.000000 3375.000000 3370.000000 3370.000000 1070.000000 1070.000000 1030.000000 995.000000 990.000000 27.000000 37.000000 10.000000 1.000000 35.000000 1.000000 0.000000 1.000000 1.000000 1.000000 11990000.000000 9130000.000000 13910000.000000 9230000.000000 14590000.000000 2.000000 0.000000 45.000000 14957.095000 50550.000000 0.315000 10456836.523750 0.000000 -35269942.865000 0.000000 0.000000 0.000000 0.000000 0.000000 0.000000 0.000000 0.000000
#
